INSERT INTO public.horas_plan(id, plan_nombre, carrera_id, plan_version, resolucion_fecha, resolucion_numero, cant_materias, cant_materias_idiomas, cant_materias_optativas, total_horas) VALUES 
(1, 'P001', 1, 2, '2011-04-14', 23, 18, 0, 1, 2084),
(2, 'P002', 2, 3, '2011-04-14', 24, 18, 0, 1, 3024),
(3, 'LAN', 3, 1, '2016-10-19', 534, 52, 0, 1, 3256),
(4, 'P01', 4, 2, '2014-07-01', 139, 21, 16, 1, 1344),
(5, 'PLE01', 5, 1, '2014-07-01', 138, 39, 0, 1, 4284),
(6, 'LEC', 5, 1, '2016-06-20', 17, 33, 0, 1, 3856),
(7, 'LRT', 6, 1, '2014-07-01', 137, 53, 2, 1, 4080),
(8, 'P001', 7, 2, '2011-04-14', 23, 32, 0, 1, 2720),
(9, 'TUDS', 8, 1, '2016-10-21', 18, 19, 0, 1, 2224),
(10, 'TUDS1', 8, 1, '2016-12-20', 19, 20, 0, 1, 2320),
(11, 'TEA', 9, 1, '2016-10-19', 536, 25, 0, 1, 1936),
(12, 'TGI', 10, 1, '2016-10-19', 535, 25, 0, 1, 1954),
(13, 'TUP', 11, 1, '2015-06-30', 233, 20, 0, 0, 1858),
(14, 'TUP1', 11, 1, '2016-10-19', 533, 22, 0, 1, 1632);
